temp
23.89
23.85
23.94
23.94
23.98
24.15
24.15
24.15
24.15
24.11
24.11
24.11
24.06
24.02
24.02
23.98
23.98
23.98
23.94
23.89
23.94
23.85
23.89
23.85
23.85
23.81
23.81
23.81
23.76
23.81
23.76
23.76
23.72
23.72
23.76
23.85
23.81
23.89
23.89
23.94
23.98
23.94
24.02
23.94
23.98
24.02
24.06
24.06
24.15
24.06
24.11
24.15
24.19
24.15
24.15
24.15
24.11
24.11
24.11
24.02
24.02
23.98
23.94
23.94
23.94
23.89
23.89
23.81
23.81
23.76
23.76
23.72
23.68
23.68
23.72
23.68
23.64
23.59
23.59
23.64
23.64
23.68
23.68
23.68
23.72
23.72
23.81
23.81
23.85
23.85
23.89
23.85
23.89
23.98
23.94
24.02
23.98
23.98
23.98
23.98
23.98
24.02
24.06
24.02
23.94
23.98
23.89
23.89
23.81
23.81
23.76
23.81
23.76
23.76
23.72
23.72
23.68
23.68
23.68
23.64
23.68
23.64
23.59
23.64
23.55
23.59
23.55
23.59
23.55
23.59
23.59
23.59
23.64
23.68
23.72
23.72
23.76
23.81
23.76
23.85
23.89
23.89
23.94
23.98
24.02
24.06
24.06
24.11
24.06
24.11
24.15
24.19
24.11
24.11
24.11
24.11
24.11
24.06
24.11
24.02
24.06
24.02
24.02
24.02
23.98
23.98
23.98
23.94
23.94
23.94
23.94
23.94
23.89
23.89
23.89
23.85
23.85
23.89
23.98
23.94
23.94
23.98
24.11
24.11
24.11
24.19
24.19
24.24
24.36
24.28
24.24
24.28
24.32
24.36
24.32
24.32
24.32
24.36
24.41
24.36
24.32
24.36
24.32
24.28
24.28
24.32
24.19
24.15
24.15
24.15
24.11
24.11
24.06
24.02
24.02
24.02
23.98
23.94
23.94
23.94
23.89
23.85
23.85
23.85
23.85
23.81
23.81
23.76
23.76
23.81
23.81
23.81
23.81
23.85
23.89
23.85
23.85
23.94
23.94
23.94
23.98
23.98
24.02
24.06
24.02
24.06
24.06
24.06
24.06
24.02
23.98
23.94
23.98
23.98
23.94
23.94
23.89
23.85
23.81
23.81
23.76
23.76
23.72
23.72
23.72
23.68
23.64
23.64
23.59
23.59
23.59
23.55
23.51
23.51
23.55
23.59
23.59
23.59
23.59
23.59
23.68
23.72
23.72
23.72
23.76
23.85
23.85
23.85
23.85
23.85
23.89
23.94
23.94
23.89
23.85
23.85
23.76
23.68
23.76
23.72
23.72
23.68
23.64
23.64
23.64
23.59
23.59
23.59
23.51
23.55
23.55
23.55
23.46
23.51
23.46
23.42
23.42
23.42
23.38
23.38
23.38
23.38
23.42
23.42
23.46
23.51
23.55
23.55
23.59
23.64
23.64
23.64
23.68
23.72
23.76
23.76
23.81
23.81
23.81
23.89
24.02
24.36
24.41
24.32
24.28
24.32
24.28
24.24
24.24
24.19
24.15
24.06
24.02
24.36
24.28
24.24
24.19
24.15
24.11
24.06
24.24
24.28
24.24
24.19
24.15
24.11
24.11
24.15
24.32
24.28
24.28
24.24
24.24
24.24
24.24
24.24
24.24
24.28
24.24
24.28
24.28
24.28
24.24
24.28
24.32
24.28
24.32
24.28
24.32
24.28
24.32
24.36
24.28
24.32
24.24
24.24
24.24
24.19
24.15
24.15
24.11
24.11
24.15
24.32
24.32
24.28
24.24
24.19
24.15
24.15
24.06
24.06
24.24
24.32
24.28
24.28
24.24
24.19
24.19
24.19
24.24
24.28
24.24
24.28
24.32
24.28
24.32
24.28
24.32
24.32
24.32
24.41
24.41
24.45
24.45
24.49
24.49
24.54
24.54
24.58
24.54
24.54
24.54
24.49
24.45
24.41
24.41
24.36
24.36
24.32
24.36
24.32
24.32
24.32
24.24
24.28
24.28
24.28
24.24
24.24
24.24
24.19
24.19
24.19
24.24
24.24
24.19
24.24
24.24
24.28
24.28
24.36
24.36
24.36
24.41
24.41
24.45
24.49
24.49
24.49
24.49
24.54
24.58
24.66
24.66
24.66
24.71
24.75
24.79
24.79
24.75
24.75
24.71
24.66
24.54
24.49
24.45
24.41
24.32
24.32
24.32
24.36
24.28
24.28
24.28
24.28
24.28
24.19
24.24
24.19
24.19
24.15
24.11
24.11
24.11
24.11
24.11
24.11
24.15
24.19
24.11
24.15
24.15
24.19
24.19
24.19
24.19
24.24
24.28
24.58
25.09
25.05
25.01
25.01
25.01
24.97
24.88
24.88
24.75
24.71
24.66
24.62
24.58
24.54
24.49
24.41
24.41
24.36
24.32
24.32
24.28
24.24
24.15
24.15
24.11
24.24
24.28
24.24
24.19
24.15
24.15
24.06
24.28
24.28
24.19
24.19
24.15
24.11
24.11
24.11
24.15
24.11
24.15
24.15
24.24
24.19
24.28
24.28
24.36
24.36
24.36
24.45
24.41
24.49
24.49
24.54
24.58
24.58
24.58
24.58
24.58
24.58
24.58
24.62
24.62
24.54
24.45
24.45
24.41
24.36
24.32
24.32
24.28
24.24
24.19
24.19
24.15
24.11
24.06
24.24
24.32
24.28
24.28
24.24
24.19
24.15
24.15
24.11
24.11
24.15
24.11
24.19
24.24
24.28
24.32
24.36
24.41
24.41
24.45
24.45
24.49
24.54
24.45
24.49
24.45
24.45
24.41
24.49
24.49
24.41
24.49
24.49
24.41
24.41
24.32
24.36
24.28
24.24
24.19
24.15
24.11
24.19
24.32
24.24
24.19
24.11
24.06
24.32
24.24
24.24
24.15
24.11
24.19
24.32
24.24
24.15
24.11
24.06
24.32
24.32
24.28
24.32
24.28
24.28
24.19
24.24
24.19
24.15
24.15
24.11
24.11
24.11
24.24
24.32
24.32
24.32
24.28
24.24
24.24
24.15
24.15
24.11
24.19
24.32
24.19
24.15
24.06
24.28
24.24
24.24
24.15
24.11
24.28
24.32
24.19
24.15
24.06
24.32
24.28
24.19
24.11
24.06
24.32
24.28
24.19
24.15
24.15
24.36
24.32
24.28
24.24
24.24
24.19
24.24
24.19
24.15
24.11
24.06
24.15
24.11
24.06
24.15
24.36
24.32
24.28
24.24
24.24
24.24
24.19
24.15
24.11
24.28
24.28
24.24
24.19
24.11
24.06
24.32
24.24
24.24
24.11
24.11
24.28
24.28
24.28
24.19
24.06
24.19
24.32
24.19
24.19
24.11
24.19
24.36
24.28
24.24
24.24
24.19
24.15
24.19
24.11
24.06
24.19
24.32
24.36
24.28
24.28
24.24
24.24
24.19
24.19
24.15
24.11
24.06
24.32
24.32
24.28
24.24
24.15
24.11
24.15
24.28
24.24
24.19
24.11
24.11
24.32
24.28
24.15
24.06
24.11
24.32
24.24
24.19
24.11
24.11
24.32
24.19
24.19
24.11
24.28
24.28
24.28
24.24
24.19
24.15
24.15
24.11
24.19
24.32
24.32
24.66
24.97
25.31
25.31
25.27
25.14
25.39
25.27
25.18
25.14
25.39
25.27
25.18
25.09
25.35
25.18
25.09
25.35
25.22
25.09
25.35
25.27
25.09
25.31
25.27
25.09
25.22
25.31
25.18
25.22
25.31
25.18
25.14
25.35
25.22
25.09
25.39
25.22
25.14
25.39
25.27
25.14
25.31
25.31
25.22
25.14
25.31
25.31
25.09
25.18
25.44
25.74
25.99
26.21
26.34
26.17
26.30
26.30
26.17
26.25
26.30
26.12
26.34
26.17
26.21
26.30
26.12
26.30
26.21
26.17
26.30
26.17
26.25
26.25
26.08
26.34
26.17
26.17
26.34
26.17
26.30
26.25
26.12
26.34
26.17
26.21
26.34
26.17
26.30
26.25
26.21
26.25
26.30
26.17
26.30
26.25
26.17
26.08
25.95
25.87
25.74
25.69
26.08
26.30
26.64
26.90
27.07
27.28
27.28
27.15
27.32
27.15
27.20
27.32
27.11
27.24
27.28
27.15
27.32
27.15
27.20
27.28
27.15
27.28
27.20
27.20
27.37
27.11
27.20
27.32
27.07
27.28
27.24
27.11
27.32
27.24
27.20
27.41
27.20
27.24
27.28
27.11
27.24
27.32
27.15
27.11
27.02
27.24
27.45
27.63
27.88
28.05
28.18
28.27
28.10
28.23
28.27
28.05
28.23
28.31
28.05
28.18
28.27
28.14
28.10
28.23
28.27
28.10
28.14
28.31
28.10
28.14
28.23
28.31
28.05
28.14
28.18
28.31
28.10
28.14
28.23
28.31
28.10
28.18
28.27
28.23
28.10
28.23
28.23
28.14
28.27
28.18
28.14
28.31
28.18
28.14
28.31
28.44
28.57
28.70
28.78
28.91
29.00
29.08
29.13
29.17
29.26
29.26
29.00
29.04
29.08
29.13
29.13
29.17
29.13
29.17
29.17
29.21
29.21
29.26
29.26
29.26
29.26
29.00
29.04
29.08
29.04
29.08
29.13
29.13
29.13
29.17
29.13
29.17
29.21
29.26
29.21
29.26
29.30
29.21
29.26
29.30
29.30
29.34
29.34
29.38
29.34
29.38
29.38
29.43
29.43
29.47
29.51
29.47
29.47
29.47
29.43
29.38
29.43
29.43
29.43
29.38
29.38
29.38
29.38
29.34
29.38
29.38
29.38
29.34
29.38
29.34
29.30
29.30
29.26
29.30
29.30
29.26
29.26
29.26
29.30
29.30
29.30
29.34
29.34
29.38
29.38
29.43
29.38
29.43
29.47
29.47
29.47
29.47
29.47
29.51
29.56
29.56
29.56
29.60
29.56
29.56
29.56
29.51
29.51
29.51
29.47
29.47
29.43
29.43
29.38
29.43
29.38
29.30
29.34
29.30
29.30
29.34
29.30
29.26
29.26
29.21
29.21
29.21
29.13
29.17
29.13
29.17
29.21
29.26
29.26
29.30
29.30
29.30
29.38
29.38
29.98
30.76
30.76
30.59
31.01
30.59
31.06
30.50
30.93
30.67
30.80
30.80
30.71
30.93
30.54
30.97
30.50
30.89
30.71
30.71
30.89
30.59
31.01
30.54
30.89
30.71
30.71
30.89
30.54
30.97
30.54
30.84
30.71
30.71
30.89
30.59
30.97
30.76
31.31
31.10
31.06
31.31
31.06
31.06
31.36
31.06
31.14
31.40
30.97
31.14
31.23
30.97
31.23
31.53
31.40
30.89
31.14
31.44
31.57
31.01
31.10
31.31
31.57
31.14
30.97
31.27
31.49
31.19
30.97
31.23
31.49
31.14
31.01
31.27
31.53
31.01
31.06
31.31
31.44
30.93
31.10
31.36
31.36
30.93
31.19
31.40
31.23
30.97
31.27
30.97
31.44
31.96
32.04
31.92
32.13
32.04
31.92
32.17
32.09
31.92
32.17
32.00
31.96
32.17
31.92
32.00
32.22
31.87
32.00
32.17
31.87
31.96
32.13
32.13
31.87
32.04
32.22
31.79
32.00
32.17
31.92
31.92
32.13
32.17
31.83
31.96
32.17
32.00
31.92
32.04
32.17
31.96
31.87
32.00
32.17
32.17
31.87
32.04
32.17
31.92
31.96
32.26
32.00
32.17
32.22
32.00
32.13
32.26
32.73
33.16
33.03
32.77
32.86
32.94
33.03
33.16
32.94
32.77
32.77
32.90
32.94
32.99
33.07
33.07
33.16
32.73
32.73
32.86
32.86
32.94
32.99
33.07
33.12
33.12
33.16
32.73
32.82
32.86
32.90
32.90
32.94
32.99
33.03
33.07
33.03
33.12
32.90
32.77
32.90
32.94
33.03
33.16
32.77
32.82
32.94
32.99
33.03
32.90
33.12
32.82
32.99
32.99
32.82
33.12
32.90
32.86
33.12
32.82
32.94
33.03
32.73
33.03
32.99
32.73
33.07
32.90
32.82
33.07
32.86
32.90
33.07
32.73
32.94
33.07
32.77
32.99
32.99
32.77
33.03
32.94
32.77
33.07
32.94
32.82
33.12
32.90
32.82
33.12
32.94
32.82
33.12
32.86
32.90
33.12
32.77
33.03
33.03
32.82
33.07
32.90
32.82
33.12
32.90
32.90
33.12
32.77
32.90
33.03
32.77
32.90
33.07
32.77
32.99
32.99
32.77
33.03
32.90
32.77
33.12
32.82
32.90
33.07
32.82
32.90
33.03
32.77
32.99
33.03
32.77
32.99
33.03
32.77
33.07
33.03
32.77
33.07
32.99
32.77
33.07
32.94
32.86
33.12
32.90
32.86
33.12
32.90
32.86
33.12
32.90
32.86
33.07
32.94
33.07
32.82
33.03
32.90
32.77
33.12
32.82
32.94
33.07
32.73
33.03
32.94
32.82
33.07
32.82
32.90
33.03
32.77
32.99
32.94
32.82
33.16
32.77
33.07
32.90
32.86
33.12
32.77
33.07
32.90
32.90
33.16
32.77
33.07
32.99
32.82
33.16
32.82