temp
24.11
24.11
24.11
24.06
24.11
24.15
24.15
24.11
24.11
24.11
24.11
24.02
24.02
24.02
24.02
24.02
24.02
23.98
23.98
23.98
23.94
23.94
23.89
23.94
23.89
23.85
23.85
23.89
23.85
23.85
23.85
23.85
23.85
23.85
23.89
23.89
23.98
23.89
23.98
23.94
23.94
23.98
24.02
24.06
24.06
24.06
24.06
24.11
24.06
24.11
24.15
24.11
24.15
24.19
24.15
24.19
24.15
24.11
24.06
24.06
24.02
24.02
23.98
23.98
23.94
23.94
23.89
23.89
23.85
23.89
23.81
23.81
23.81
23.76
23.76
23.72
23.68
23.68
23.68
23.68
23.68
23.72
23.76
23.72
23.81
23.85
23.81
23.85
23.85
23.89
23.85
23.89
23.94
23.94
23.94
23.94
23.94
23.98
23.94
23.98
23.98
23.98
24.02
24.02
23.98
23.89
23.98
23.89
23.89
23.81
23.89
23.85
23.81
23.81
23.81
23.85
23.81
23.81
23.76
23.76
23.76
23.81
23.76
23.72
23.72
23.72
23.72
23.72
23.72
23.68
23.72
23.72
23.76
23.85
23.81
23.85
23.85
23.85
23.89
23.89
23.89
23.94
23.98
24.02
23.98
24.06
24.02
24.06
24.06
24.11
24.15
24.11
24.15
24.06
24.06
23.98
23.98
23.89
23.89
23.81
23.81
23.85
23.76
23.72
23.72
23.72
23.68
23.64
23.64
23.59
23.59
23.59
23.55
23.51
23.51
23.51
23.46
23.51
23.51
23.51
23.55
23.59
23.59
23.59
23.59
23.72
23.68
23.72
23.81
23.81
23.81
23.85
23.94
23.94
23.94
23.98
24.02
23.98
24.06
24.06
24.06
24.06
24.02
24.02
23.98
23.98
23.98
23.98
23.98
23.94
23.94
23.94
23.94
23.89
23.85
23.85
23.81
23.81
23.81
23.76
23.72
23.72
23.76
23.72
23.68
23.68
23.68
23.68
23.68
23.68
23.72
23.72
23.68
23.68
23.72
23.72
23.76
23.72
23.72
23.76
23.81
23.81
23.76
23.81
23.85
23.81
23.81
23.89
23.81
23.76
23.76
23.76
23.76
23.76
23.76
23.76
23.72
23.72
23.72
23.68
23.68
23.64
23.59
23.64
23.59
23.55
23.55
23.55
23.51
23.59
23.51
23.46
23.46
23.51
23.46
23.51
23.51
23.59
23.55
23.55
23.55
23.59
23.64
23.59
23.64
23.68
23.72
23.72
23.76
23.68
23.72
23.72
23.81
23.72
23.68
23.64
23.55
23.55
23.55
23.51
23.51
23.51
23.51
23.51
23.46
23.46
23.42
23.42
23.42
23.42
23.42
23.38
23.38
23.38
23.42
23.38
23.38
23.34
23.38
23.38
23.29
23.38
23.34
23.38
23.42
23.42
23.42
23.51
23.51
23.51
23.55
23.55
23.59
23.64
23.68
23.64
23.64
23.68
23.68
23.72
23.94
24.45
24.41
24.36
24.36
24.28
24.19
24.19
24.19
24.15
24.15
24.06
24.06
24.41
24.32
24.28
24.24
24.15
24.15
24.11
24.11
24.24
24.36
24.32
24.28
24.19
24.15
24.11
24.06
24.11
24.41
24.41
24.36
24.36
24.36
24.32
24.32
24.32
24.32
24.32
24.32
24.28
24.19
24.24
24.24
24.19
24.24
24.24
24.28
24.24
24.24
24.28
24.24
24.19
24.15
24.11
24.11
24.06
24.06
24.02
24.32
24.32
24.32
24.28
24.24
24.24
24.15
24.19
24.11
24.15
24.06
24.06
24.32
24.36
24.28
24.28
24.28
24.24
24.28
24.28
24.24
24.24
24.28
24.32
24.28
24.24
24.24
24.32
24.28
24.28
24.32
24.28
24.32
24.36
24.36
24.41
24.41
24.45
24.49
24.41
24.45
24.45
24.41
24.41
24.36
24.32
24.32
24.32
24.28
24.28
24.32
24.28
24.28
24.28
24.24
24.24
24.24
24.24
24.24
24.24
24.24
24.24
24.24
24.24
24.19
24.24
24.28
24.28
24.32
24.32
24.32
24.36
24.32
24.36
24.36
24.45
24.45
24.49
24.49
24.45
24.49
24.49
24.54
24.54
24.58
24.58
24.62
24.62
24.62
24.62
24.58
24.54
24.45
24.45
24.32
24.32
24.32
24.28
24.24
24.28
24.19
24.24
24.19
24.24
24.19
24.24
24.19
24.19
24.19
24.11
24.11
24.11
24.11
24.06
24.06
24.06
24.11
24.11
24.06
24.06
24.06
24.11
24.11
24.11
24.11
24.15
24.15
24.19
24.32
24.49
24.54
24.45
24.49
24.49
24.45
24.41
24.36
24.32
24.28
24.24
24.24
24.24
24.19
24.15
24.15
24.15
24.11
24.06
24.06
24.02
24.36
24.32
24.24
24.28
24.19
24.15
24.06
24.06
24.32
24.28
24.28
24.19
24.11
24.06
24.02
24.19
24.36
24.32
24.24
24.28
24.28
24.32
24.32
24.28
24.32
24.32
24.36
24.36
24.41
24.41
24.41
24.41
24.36
24.28
24.32
24.32
24.36
24.36
24.36
24.36
24.41
24.41
24.36
24.41
24.36
24.36
24.28
24.28
24.24
24.24
24.15
24.15
24.11
24.11
24.06
24.02
24.36
24.32
24.28
24.19
24.19
24.11
24.15
24.11
24.06
24.06
24.15
24.32
24.32
24.36
24.36
24.36
24.41
24.32
24.32
24.24
24.24
24.24
24.28
24.28
24.28
24.32
24.28
24.28
24.28
24.28
24.32
24.28
24.28
24.28
24.32
24.28
24.28
24.24
24.19
24.19
24.11
24.11
24.11
24.06
24.32
24.28
24.19
24.15
24.11
24.06
24.36
24.32
24.24
24.19
24.11
24.06
24.32
24.28
24.24
24.19
24.11
24.11
24.11
24.06
24.32
24.36
24.32
24.32
24.28
24.24
24.19
24.19
24.15
24.15
24.06
24.06
24.36
24.36
24.32
24.28
24.24
24.19
24.15
24.15
24.06
24.28
24.32
24.24
24.15
24.11
24.02
24.32
24.28
24.19
24.11
24.06
24.36
24.28
24.19
24.15
24.11
24.15
24.32
24.28
24.19
24.11
24.02
24.28
24.24
24.19
24.15
24.11
24.11
24.36
24.32
24.28
24.28
24.24
24.15
24.15
24.11
24.06
24.28
24.32
24.32
24.28
24.28
24.15
24.15
24.11
24.15
24.06
24.11
24.32
24.24
24.19
24.11
24.11
24.06
24.36
24.28
24.19
24.19
24.11
24.06
24.36
24.24
24.19
24.11
24.11
24.15
24.28
24.28
24.15
24.11
24.06
24.36
24.28
24.24
24.19
24.19
24.15
24.15
24.02
24.32
24.36
24.28
24.28
24.19
24.19
24.15
24.11
24.06
24.32
24.36
24.32
24.28
24.19
24.19
24.11
24.11
24.02
24.32
24.32
24.24
24.19
24.11
24.06
24.32
24.28
24.19
24.11
24.11
24.28
24.32
24.19
24.15
24.15
24.06
24.36
24.28
24.19
24.15
24.06
24.36
24.28
24.19
24.19
24.15
24.15
24.06
24.19
24.36
24.36
24.24
24.11
24.15
24.06
24.41
24.36
24.28
24.24
24.24
24.19
24.19
24.15
24.06
24.06
24.32
24.28
24.19
24.11
24.06
24.15
24.32
24.28
24.19
24.11
24.06
24.28
24.32
24.24
24.15
24.15
24.06
24.32
24.28
24.19
24.24
24.11
24.06
24.32
24.28
24.19
24.15
24.15
24.06
24.32
24.32
24.24
24.19
24.15
24.11
23.98
23.85
24.11
24.32
24.32
24.32
24.28
24.32
24.28
24.24
24.19
24.24
24.19
24.15
24.06
24.02
24.36
24.28
24.24
24.24
24.15
24.11
24.06
24.24
24.32
24.28
24.19
24.15
24.15
24.06
24.15
24.32
24.28
24.24
24.19
24.11
24.11
24.06
24.06
24.36
24.32
24.36
24.36
24.36
24.32
24.32
24.32
24.32
24.32
24.36
24.32
24.32
24.28
24.28
24.28
24.28
24.28
24.28
24.32
24.28
24.28
24.28
24.28
24.28
24.24
24.24
24.24
24.24
24.19
24.19
24.15
24.19
24.15
24.11
24.11
24.11
24.11
24.06
24.02
24.02
24.36
24.36
24.32
24.28
24.28
24.19
24.28
24.24
24.24
24.28
24.32
24.28
24.32
24.36
24.36
24.36
24.28
24.32
24.32
24.36
24.32
24.36
24.36
24.36
24.36
24.41
24.36
24.36
24.36
24.28
24.28
24.24
24.15
24.19
24.15
24.15
24.06
24.02
24.11
24.28
24.28
24.19
24.19
24.15
24.11
24.11
24.06
24.06
24.32
24.32
24.28
24.24
24.19
24.15
24.15
24.11
24.15
24.19
24.15
24.15
24.15
24.19
24.19
24.24
24.15
24.15
24.06
24.41
24.36
24.41
24.41
24.49
24.45
24.49
24.54
24.49
24.54
24.45
24.49
24.45
24.45
24.45
24.41
24.41
24.32
24.32
24.28
24.28
24.28
24.24
24.19
24.19
24.15
24.15
24.06
24.06
24.06
24.06
23.98
24.36
24.28
24.24
24.24
24.28
24.24
24.19
24.19
24.24
24.24
24.15
24.19
24.19
24.15
24.15
24.11
24.06
24.11
24.41
24.32
24.32
24.32
24.28
24.28
24.24
24.24
24.15
24.15
24.11
24.06
24.06
24.06
24.32
24.28
24.28
24.15
24.15
24.11
24.15
24.06
24.11
24.32
24.28
24.24
24.19
24.15
24.11
24.06
24.02
24.28
24.32
24.28
24.28
24.28
24.28
24.24
24.19
24.24
24.24
24.19
24.24
24.24
24.24
24.24
24.24
24.24
24.32
24.28
24.32
24.36
24.32
24.28
24.32
24.32
24.28
24.28
24.28
24.24
24.28
24.19
24.19
24.19
24.15
24.19
24.19
24.11
24.15
24.06
24.06
24.11
24.06
24.06
24.06
24.06
24.36
24.32
24.32
24.32
24.28
24.24
24.24
24.24
24.24
24.24
24.28
24.28
24.32
24.32
24.36
24.41
24.36
24.36
24.41
24.45
24.45
24.49
24.49
24.54
24.58
24.58
24.58
24.58
24.58
24.54
24.54
24.54
24.49
24.54
24.54
24.49
24.49
24.49
24.49
24.49
24.45
24.45
24.45
24.36
24.41
24.41
24.41
24.36
24.36
24.32
24.32
24.32
24.28
24.36
24.32
24.36
24.41
24.41
24.45
24.45
24.54
24.54
24.54
24.45
24.45
24.45
24.45
24.49
24.54
24.54
24.54
24.54
24.54
24.58
24.58
24.58
24.54
24.54
24.54
24.54
24.49
24.45
24.49
24.49
24.49
24.45
24.45
24.49
24.41
24.45
24.45
24.45
24.45
24.41
24.41
24.41
24.41
24.41
24.36
24.41
24.36
24.41
24.45
24.54
24.54
24.54
24.66
24.62
24.66
24.71
24.75
24.79
24.75
24.79
24.84
24.84
24.88
24.92
24.97
24.97
24.97
25.01
25.05
25.01
25.01
24.97
25.01
24.97
24.92
24.88
24.88
24.84
24.79
24.75
24.75
24.75
24.75
24.66
24.66
24.66
24.62
24.58
24.54
24.58
24.49
24.49
24.49
24.45
24.41
24.45
24.41
24.45
24.41
24.45
24.41
24.45
24.45
24.45
24.45
24.45
24.41
24.41
24.32
24.28
24.32
24.32
24.32
24.32
24.32
24.32
24.36
24.32
24.36
24.32
24.32
24.32
24.32
24.28
24.24
24.28
24.28
24.28
24.32
24.24
24.24
24.24
24.24
24.19
24.19
24.24
24.19
24.24
24.19
24.19
24.19
24.15
24.15
24.15
24.19
24.24
24.24
24.28
24.28
24.32
24.28
24.41
24.41
24.41
24.36
24.41
24.41
24.45
24.45
24.45
24.49
24.45
24.54
24.54
24.54
24.54
24.49
24.49
24.49
24.49
24.45
24.45
24.41
24.41
24.41
24.36
24.36
24.41
24.36
24.41
24.36
24.41
24.36
24.41
24.41
24.32
24.32
24.36
24.32
24.32
24.32
24.36
24.36
24.41
24.41
24.41
24.45
24.45
24.49
24.45
24.45
24.45
24.45
24.45
24.49
24.49
24.49
24.49
24.49
24.49
24.49
24.49
24.49
24.49
24.49
24.45
24.41
24.41
24.41
24.41
24.36
24.32
24.32
24.32
24.32
24.32
24.32
24.36
24.28
24.32
24.28
24.32
24.28
24.24
24.24
24.19
24.24
24.19
24.24
24.24
24.24
24.28
24.24
24.28
24.28
24.32
24.28
24.32
24.32
24.32
24.36
24.32
24.32
24.32
24.36
24.36
24.41
24.36
24.32
24.36
24.41
24.32
24.36
24.32
24.32
24.28
24.28
24.24
24.24
24.24
24.24
24.19
24.19
24.19
24.19
24.15
24.19
24.19
24.19
24.19
24.19
24.15
24.24
24.24
24.19
24.28
24.19
24.28
24.32
24.36
24.36
24.36
24.36
24.32
24.36
24.32
24.32
24.36
24.36
24.36
24.36