temp
24.15
24.19
24.19
24.15
24.15
24.15
24.15
24.15
24.11
24.06
24.11
24.06
24.02
24.02
24.02
23.98
24.02
23.94
23.98
23.94
23.94
23.89
23.85
23.89
23.85
23.85
23.85
23.85
23.76
23.76
23.81
23.76
23.76
23.81
23.76
23.81
23.85
23.85
23.85
23.85
23.89
23.89
23.94
23.94
23.98
23.94
23.98
24.02
23.98
23.98
23.98
23.98
24.02
23.98
24.02
24.02
24.02
23.98
23.98
23.94
23.98
23.89
23.89
23.85
23.81
23.85
23.81
23.76
23.76
23.72
23.72
23.72
23.64
23.68
23.68
23.64
23.64
23.59
23.59
23.64
23.59
23.59
23.68
23.68
23.68
23.72
23.72
23.72
23.76
23.76
23.76
23.81
23.76
23.81
23.85
23.85
23.85
23.85
23.81
23.85
23.85
23.85
23.85
23.89
23.85
23.85
23.81
23.81
23.72
23.76
23.76
23.68
23.68
23.64
23.72
23.72
23.68
23.68
23.68
23.64
23.68
23.64
23.59
23.64
23.59
23.64
23.59
23.59
23.59
23.64
23.59
23.59
23.64
23.64
23.64
23.64
23.68
23.72
23.76
23.76
23.81
23.85
23.85
23.85
23.85
23.94
23.98
23.94
23.94
23.98
24.02
24.02
24.02
24.02
24.06
24.02
23.98
23.98
24.02
23.98
23.98
23.98
23.98
23.98
23.94
23.98
23.98
23.98
23.94
23.94
23.94
23.89
23.89
23.89
23.94
23.89
23.85
23.89
23.89
23.94
23.94
23.98
24.02
24.06
24.11
24.06
24.15
24.15
24.19
24.19
24.19
24.19
24.19
24.24
24.24
24.28
24.28
24.28
24.28
24.28
24.28
24.24
24.24
24.24
24.24
24.15
24.19
24.15
24.15
24.06
24.06
24.06
24.02
24.06
24.02
24.02
23.94
23.98
23.89
23.94
23.85
23.89
23.81
23.81
23.85
23.81
23.76
23.85
23.85
23.76
23.81
23.81
23.81
23.81
23.81
23.81
23.85
23.85
23.81
23.85
23.85
23.89
23.89
23.94
23.94
23.94
23.94
23.94
23.85
23.76
23.76
23.76
23.81
23.76
23.76
23.76
23.72
23.68
23.72
23.68
23.68
23.64
23.59
23.64
23.64
23.55
23.59
23.55
23.51
23.55
23.51
23.55
23.51
23.51
23.55
23.55
23.59
23.59
23.59
23.59
23.64
23.64
23.68
23.64
23.68
23.68
23.72
23.72
23.72
23.76
23.76
23.76
23.81
23.72
23.72
23.64
23.59
23.51
23.46
23.46
23.51
23.46
23.46
23.46
23.46
23.46
23.42
23.42
23.46
23.42
23.42
23.42
23.38
23.42
23.42
23.38
23.46
23.38
23.38
23.38
23.38
23.42
23.42
23.42
23.51
23.51
23.51
23.59
23.51
23.55
23.59
23.59
23.64
23.72
23.72
23.68
23.68
23.72
23.72
23.72
23.98
24.36
24.32
24.36
24.32
24.24
24.24
24.24
24.19
24.15
24.19
24.11
24.11
24.06
24.06
24.02
24.02
24.32
24.28
24.24
24.19
24.15
24.19
24.11
24.06
24.06
23.98
24.02
24.32
24.28
24.28
24.28
24.28
24.28
24.24
24.24
24.24
24.24
24.24
24.24
24.24
24.24
24.19
24.11
24.11
24.19
24.19
24.19
24.19
24.24
24.19
24.24
24.19
24.19
24.15
24.15
24.19
24.11
24.11
24.06
24.11
24.11
24.06
24.06
24.02
24.02
24.02
24.02
24.19
24.32
24.28
24.28
24.24
24.24
24.24
24.19
24.15
24.15
24.19
24.19
24.24
24.19
24.19
24.19
24.28
24.28
24.32
24.24
24.28
24.28
24.32
24.32
24.36
24.36
24.41
24.45
24.45
24.49
24.49
24.45
24.45
24.49
24.49
24.45
24.41
24.41
24.41
24.41
24.41
24.36
24.41
24.36
24.32
24.41
24.36
24.32
24.32
24.32
24.36
24.32
24.36
24.36
24.32
24.32
24.32
24.36
24.28
24.36
24.41
24.45
24.41
24.45
24.41
24.45
24.49
24.54
24.49
24.49
24.54
24.58
24.58
24.58
24.66
24.62
24.66
24.71
24.75
24.75
24.75
24.75
24.66
24.54
24.58
24.54
24.49
24.41
24.36
24.32
24.32
24.28
24.28
24.28
24.24
24.28
24.19
24.19
24.24
24.15
24.15
24.11
24.11
24.11
24.06
24.02
24.06
23.98
24.06
24.02
24.02
24.28
24.32
24.36
24.28
24.28
24.24
24.28
24.24
24.24
24.24
24.49
24.66
24.66
24.62
24.58
24.62
24.49
24.45
24.36
24.36
24.36
24.28
24.28
24.19
24.19
24.15
24.15
24.11
24.02
24.02
24.19
24.32
24.32
24.24
24.19
24.15
24.11
24.06
24.28
24.36
24.24
24.19
24.15
24.11
24.06
24.02
24.41
24.32
24.24
24.24
24.19
24.19
24.15
24.15
24.19
24.24
24.19
24.28
24.19
24.24
24.28
24.32
24.32
24.24
24.28
24.19
24.19
24.19
24.24
24.28
24.28
24.28
24.32
24.32
24.32
24.32
24.24
24.19
24.15
24.15
24.11
24.11
24.06
24.02
24.32
24.32
24.28
24.19
24.15
24.11
24.06
24.06
24.02
24.32
24.32
24.24
24.24
24.19
24.15
24.11
24.11
24.15
24.19
24.15
24.11
24.06
24.02
23.98
24.41
24.41
24.45
24.36
24.45
24.45
24.41
24.41
24.41
24.36
24.36
24.41
24.36
24.41
24.36
24.32
24.32
24.24
24.15
24.15
24.11
24.11
24.06
24.28
24.32
24.19
24.19
24.15
24.06
24.02
24.36
24.28
24.24
24.15
24.06
24.02
24.02
24.32
24.28
24.19
24.15
24.11
24.11
24.06
24.06
24.06
24.36
24.32
24.28
24.28
24.19
24.15
24.11
24.11
24.06
23.98
24.36
24.36
24.28
24.28
24.28
24.24
24.11
24.06
24.06
24.36
24.32
24.24
24.11
24.11
24.06
24.36
24.28
24.19
24.19
24.06
23.98
24.36
24.32
24.24
24.06
24.06
24.06
24.32
24.32
24.19
24.11
24.06
24.24
24.36
24.28
24.24
24.19
24.15
24.11
24.11
24.06
24.06
24.36
24.36
24.28
24.19
24.15
24.15
24.11
24.11
24.02
24.28
24.41
24.36
24.32
24.24
24.19
24.11
24.06
24.02
24.36
24.32
24.24
24.11
24.11
24.06
24.32
24.32
24.28
24.19
24.11
24.06
24.15
24.36
24.28
24.19
24.11
24.06
24.02
24.36
24.28
24.28
24.24
24.15
24.11
24.11
24.02
24.06
24.36
24.32
24.28
24.24
24.24
24.19
24.11
24.11
24.06
24.11
24.36
24.36
24.32
24.24
24.24
24.15
24.11
24.06
24.36
24.28
24.24
24.19
24.11
24.02
24.36
24.36
24.19
24.15
24.11
24.02
24.36
24.28
24.24
24.11
24.06
24.02
24.41
24.28
24.24
24.15
24.06
24.02
24.36
24.32
24.28
24.24
24.19
24.15
24.06
24.02
24.66
25.31
25.31
25.18
25.09
25.39
25.31
25.18
25.09
25.39
25.27
25.18
25.09
25.39
25.22
25.09
25.22
25.22
25.14
25.09
25.31
25.18
25.05
25.35
25.27
25.14
25.05
25.31
25.18
25.09
25.35
25.22
25.14
25.18
25.35
25.18
25.01
25.31
25.18
25.09
25.31
25.18
25.05
25.39
25.22
25.09
25.18
25.31
25.18
25.01
25.22
25.74
26.34
26.25
26.08
26.38
26.21
25.99
26.34
26.12
26.12
26.30
26.12
26.34
26.21
26.04
26.34
26.12
26.21
26.25
26.04
26.38
26.17
26.21
26.25
26.08
26.38
26.17
26.21
26.30
26.08
26.38
26.17
26.08
26.30
26.12
26.34
26.25
26.08
26.38
26.25
26.12
26.38
26.21
26.17
26.34
26.25
26.12
25.95
25.82
25.65
25.61
26.34
26.94
27.37
27.15
27.28
27.28
27.07
27.32
27.07
27.37
27.15
27.20
27.20
27.07
27.32
27.07
27.37
27.11
27.24
27.20
27.11
27.24
27.02
27.28
27.07
27.32
27.15
27.32
27.11
27.28
27.15
27.11
27.28
27.02
27.37
27.15
27.32
27.24
27.07
27.32
27.15
27.32
27.20
27.07
27.11
27.67
28.18
28.18
28.18
28.23
28.23
28.27
28.18
28.18
28.27
28.10
28.18
28.10
28.14
28.14
28.10
28.23
28.05
28.23
28.01
28.23
28.10
28.18
28.23
28.10
28.23
28.01
28.23
28.05
28.18
28.18
28.10
28.31
28.05
28.23
28.01
28.31
28.10
28.23
28.18
28.31
28.14
28.27
28.14
28.10
27.88
27.67
27.37
27.75
28.05
28.27
28.53
28.91
29.13
29.26
29.04
29.21
29.08
29.08
29.17
29.13
29.00
29.13
29.17
29.26
29.00
29.04
29.08
29.13
29.17
29.13
29.00
29.04
29.08
29.17
29.17
29.08
28.95
29.08
29.13
29.13
29.21
28.95
28.95
29.08
29.17
29.21
29.04
29.08
29.13
29.21
29.08
28.91
29.00
29.08
29.21
29.30
29.34
29.38
29.43
29.47
29.60
29.60
29.68
29.60
29.73
29.77
29.73
29.77
29.77
29.77
29.86
29.86
29.94
29.90
29.94
29.94
30.03
29.98
30.03
30.03
30.03
30.03
30.03
29.98
30.03
30.03
30.03
30.03
30.07
30.07
30.11
30.20
30.20
30.24
30.20
29.98
30.07
30.07
30.07
30.11
29.94
29.98
30.07
30.11
30.20
30.20
30.28
30.33
30.37
30.37
30.41
30.41
30.46
30.50
30.46
30.50
30.46
30.46
30.46
30.46
30.46
30.41
30.46
30.41
30.41
30.37
30.41
30.41
30.37
30.41
30.41
30.41
30.41
30.41
30.20
29.77
29.56
29.64
29.73
29.56
29.56
29.60
29.73
29.47
29.60
29.64
29.68
29.81
30.41
30.50
30.50
30.59
30.50
30.54
30.54
30.54
30.50
30.50
30.50
30.54
30.54
30.50
30.50
30.50
30.50
30.50
30.50
30.50
30.41
30.50
30.46
30.46
30.41
30.46
30.46
30.41
30.37
30.37
30.37
30.33
30.28
30.33
30.28
30.33
30.33
30.54
31.23
30.80
31.06
31.06
30.93
31.19
30.84
31.01
31.10
30.89
30.54
31.01
31.14
30.93
30.97
30.97
30.97
30.97
30.93
30.97
30.80
31.01
30.84
31.06
30.80
31.01
30.84
31.01
30.84
30.97
30.89
30.93
30.93
30.89
30.97
30.84
31.01
30.80
30.97
30.76
31.06
30.84
31.06
30.80
31.06
30.84
30.97
30.89
30.97
30.84
30.93
31.10
31.92
32.00
31.96
32.17
31.96
32.00
32.17
32.09
32.00
32.00
32.17
31.83
32.04
32.17
31.96
32.13
32.00
31.96
32.17
31.92
32.00
32.13
31.96
31.92
32.09
32.13
31.92
32.04
32.22
31.92
32.04
32.22
31.87
31.96
32.13
31.87
31.96
32.09
32.22
31.83
31.92
32.04
32.17
31.83
31.96
32.09
32.17
32.04
31.92
32.00
32.22
32.09
32.22
31.92
32.00
32.13
32.09
31.87
32.17
32.69
33.12
32.86
32.73
33.12
32.82
32.73
33.12
32.86
32.69
33.07
32.86
32.64
33.12
32.94
32.69
33.07
32.90
32.64
33.07
32.90
32.69
33.07
32.86
32.69
33.07
32.86
32.73
33.12
32.82
32.73
33.07
32.82
32.77
33.07
32.64
33.16
32.90
32.73
32.90
33.03
32.82
32.73
33.07
32.90
32.69
33.07
32.99
32.77
32.86
33.07
32.86
32.64
33.07
32.94
32.69
32.99
32.99
32.77
32.90
33.03
32.77
32.86
33.03
32.77
32.82
33.03
32.82
32.77
33.12
32.86
32.64
33.12
32.86
32.69
33.12
32.86
32.69
33.12
32.86
32.69
33.12
32.90
32.64
33.07
32.90
32.64
33.07
32.90
32.64
33.07
32.90
32.64
33.07
32.90
32.69
33.03
32.99
32.77
33.03
32.99
32.73
32.94
33.03
32.69
32.94
32.94
32.73
32.99
32.94
32.69
33.03
32.90
32.69
33.07
32.90
32.69
33.12
32.86
32.73
33.07
32.86
32.77
33.07
32.77
32.86
33.03
32.77
32.90
33.03
32.77
32.94
33.03
32.77
32.90
33.03
32.77
32.94
32.99
32.69
33.03
32.90
32.69
33.07
32.90
32.73
33.12
32.86
32.77
33.07
32.82
32.56
32.82
33.07
32.82
32.86
33.03
32.73
32.86
32.99
32.77
32.90
33.03
32.77
32.90
33.07
32.77
32.86
33.03
32.77
32.86
33.03
32.82
32.77
33.07
32.82
32.99
33.03
32.82
32.73
33.07
32.82
32.77
33.12
32.86
32.69
33.12
32.90
32.69
33.12
32.94